%20 UE  25UE  30UE  35UE
a1T = 1e-4*[0.1576,0.2790,0.4010,0.5241,0.6497];
a2T = 1e-4*[0.1581,0.2798,0.4022,0.5265,0.6563];
a3T = 1e-4*[0.1572,0.2783,0.4000,0.5225,0.6467];
a4T = 1e-4*[0.160,0.282,0.407,0.541,0.928];
a5T = 1e-4*[0.1576,0.2790,0.4010,0.5242,0.6501];
a1W = 1e-5*[0.0762,0.0899,0.1098,0.1409,0.1973];
a2W = 1e-5*[0.0814,0.0977,0.1224,0.1653,0.2633];
a3W = 1e-5*[0.0715,0.0834,0.1002,0.1253,0.1673];
a4W = 1e-3*[0.0010,0.0012,0.0017,0.0031,0.007298];
a5W = 1e-5*[0.0762,0.0900,0.1101,0.1420,0.2014];

a1P = 1e-4*[0.15,0.27,0.39,0.51,0.63];

A1T = 1e-4*[0.1885,0.3402,0.4929,0.6475,0.8073];
A1W = 1e-5*[ 0.0849,0.1024,0.1290,0.1747,0.2735];
A1P = 1e-4*[0.18,0.33,0.48,0.63,0.78];

A30T = 1e-4*[0.2182,0.3998,0.5822,0.7661,0.9538];
A30W = 1e-4*[0.0820,0.0981,0.1220,0.1614,0.2385];
A30P = 1e-4*[0.21,0.39,0.57,0.75,0.93];

A35T = 1e-3*[0.0251,0.0464,0.0680,0.0914,0.1201];
A35W = 1e-3*[0.0011,0.0014,0.0020,0.0044,0.3321];
A35P = 1e3*[.024, .045 .066 .087 .1];

b1T = 1e-4*[0.1697,0.2897,0.4097,0.5297,0.6570];
b1W = 1e-5*[0.1973,0.1973,0.1973,0.1973,0.2696];
b2T = 1e-4*[0.1763,0.2963,0.4163,0.5363,0.6760];
b2W = 1e-5*[0.2633,0.2633,0.2633,0.2633,0.4604];
b3T = 1e-4*[0.1667,0.2867,0.4067,0.5267,0.6511];
b3W = 1e-5*[0.1673,0.1673,0.1673,0.1673,0.2110];
b4T = 1e-4*[3 4 4 4 5];
b4W = 1e-3*[0.3298,0.3298,0.3298,0.3298,0.3298];
b5T= 1e-5*[0.1701,0.2901,0.4101,0.5301,0.6576];
b1P = 1e-4*[0.15,0.27,0.39,0.51,0.63];
b5W = 1e-5*[0.2014,0.2014,0.2014,0.2014,0.2758];

c3T=1e-4*[0.1732,0.2932,0.4132,0.5332,0.6546];
c4T=1e-3*[0.3448,0.3568,.3688,0.3808,0.3934];
c5T=1e-4*[0.1781,0.2932,0.4182,0.5382,0.6586];
c3W=1e-5*[0.2316 ,0.2316,0.2316,0.2316,0.2459];
c4W=1e-3*[0.3298 ,0.3298,0.3298,0.3298,0.3304];
c5W=1e-5*[0.2811 ,0.2811,0.2811,0.2811,0.2816];

C1T= 1e-4*[0.2073,0.3573,0.5073,0.6573,0.8125];
C1P= 1e-5*[0.2735,0.2735,0.2735,0.2735,0.3253];

C30T = 1e-4*[0.2338,0.4138,0.5938,0.7738,0.9643];
C30W = 1e-4*[0.2385,0.2385,0.2385,0.2385,0.3428];
C35T = 1e-3*[0.3561,0.3771,0.3981,0.4190,0.4411];
C35W = 1e-3*[0.3321,0.3321,0.3321,0.3321,0.3331];