R1 = 1e8*[2.8007,4.2597,5.4440,5.5757,5.5765]; %pmax = .1 watt 
R2 = 1e8*[2.8831,4.4026,5.50992,5.7022,6.3321]; %.3 watt
2.8831    4.2026    4.7992    6.3022    6.3321
2.8414    4.1006    5.1183    5.2599    5.9131
R3 = 1e8*[2.8847,4.6506,5.5651,5.7717,6.4249];%pmax= 0.5watt
