sumRB1 =1.0e+07 *[1.5664,3.8745, 5.2349,5.5287,5.49124,4.95]
sumRB2 =1.0e+07 *[1.6294,3.8940, 5.3104,5.7594,5.49124,4.95]
plot(sumRB1)
