sumRB1 =

   1.0e+07 *

    1.5664    3.8745    5.2349    5.5287       5.3124       4.75